2022/02/08-15:31:46.268856 7f9003e6b200 RocksDB version: 6.20.3
2022/02/08-15:31:46.268902 7f9003e6b200 Git sha 8608d75d85f8e1b3b64b73a4fb6d19baec61ba5c
2022/02/08-15:31:46.268904 7f9003e6b200 Compile date 2021-05-05 20:35:30
2022/02/08-15:31:46.268934 7f9003e6b200 DB SUMMARY
2022/02/08-15:31:46.268935 7f9003e6b200 DB Session ID:  HAEOI9IN3MCJ2WAMB1VP
2022/02/08-15:31:46.268948 7f9003e6b200 SST files in ../local_data/db dir, Total Num: 0, files: 
2022/02/08-15:31:46.268950 7f9003e6b200 Write Ahead Log file in ../local_data/db: 
2022/02/08-15:31:46.268951 7f9003e6b200                         Options.error_if_exists: 0
2022/02/08-15:31:46.268952 7f9003e6b200                       Options.create_if_missing: 1
2022/02/08-15:31:46.268953 7f9003e6b200                         Options.paranoid_checks: 1
2022/02/08-15:31:46.268954 7f9003e6b200                               Options.track_and_verify_wals_in_manifest: 0
2022/02/08-15:31:46.268954 7f9003e6b200                                     Options.env: 0x5646722fe9e0
2022/02/08-15:31:46.268955 7f9003e6b200                                      Options.fs: Posix File System
2022/02/08-15:31:46.268956 7f9003e6b200                                Options.info_log: 0x56467331faf0
2022/02/08-15:31:46.268957 7f9003e6b200                Options.max_file_opening_threads: 16
2022/02/08-15:31:46.268957 7f9003e6b200                              Options.statistics: (nil)
2022/02/08-15:31:46.268958 7f9003e6b200                               Options.use_fsync: 0
2022/02/08-15:31:46.268959 7f9003e6b200                       Options.max_log_file_size: 0
2022/02/08-15:31:46.268960 7f9003e6b200                  Options.max_manifest_file_size: 1073741824
2022/02/08-15:31:46.268961 7f9003e6b200                   Options.log_file_time_to_roll: 0
2022/02/08-15:31:46.268961 7f9003e6b200                       Options.keep_log_file_num: 1000
2022/02/08-15:31:46.268962 7f9003e6b200                    Options.recycle_log_file_num: 0
2022/02/08-15:31:46.268963 7f9003e6b200                         Options.allow_fallocate: 1
2022/02/08-15:31:46.268964 7f9003e6b200                        Options.allow_mmap_reads: 0
2022/02/08-15:31:46.268964 7f9003e6b200                       Options.allow_mmap_writes: 0
2022/02/08-15:31:46.268965 7f9003e6b200                        Options.use_direct_reads: 0
2022/02/08-15:31:46.268966 7f9003e6b200                        Options.use_direct_io_for_flush_and_compaction: 0
2022/02/08-15:31:46.268966 7f9003e6b200          Options.create_missing_column_families: 0
2022/02/08-15:31:46.268967 7f9003e6b200                              Options.db_log_dir: 
2022/02/08-15:31:46.268968 7f9003e6b200                                 Options.wal_dir: ../local_data/db
2022/02/08-15:31:46.268968 7f9003e6b200                Options.table_cache_numshardbits: 6
2022/02/08-15:31:46.268969 7f9003e6b200                         Options.WAL_ttl_seconds: 0
2022/02/08-15:31:46.268970 7f9003e6b200                       Options.WAL_size_limit_MB: 0
2022/02/08-15:31:46.268971 7f9003e6b200                        Options.max_write_batch_group_size_bytes: 1048576
2022/02/08-15:31:46.268971 7f9003e6b200             Options.manifest_preallocation_size: 4194304
2022/02/08-15:31:46.268972 7f9003e6b200                     Options.is_fd_close_on_exec: 1
2022/02/08-15:31:46.268973 7f9003e6b200                   Options.advise_random_on_open: 1
2022/02/08-15:31:46.268974 7f9003e6b200                    Options.db_write_buffer_size: 0
2022/02/08-15:31:46.268974 7f9003e6b200                    Options.write_buffer_manager: 0x5646733279d0
2022/02/08-15:31:46.268975 7f9003e6b200         Options.access_hint_on_compaction_start: 1
2022/02/08-15:31:46.268976 7f9003e6b200  Options.new_table_reader_for_compaction_inputs: 0
2022/02/08-15:31:46.268976 7f9003e6b200           Options.random_access_max_buffer_size: 1048576
2022/02/08-15:31:46.268977 7f9003e6b200                      Options.use_adaptive_mutex: 0
2022/02/08-15:31:46.268978 7f9003e6b200                            Options.rate_limiter: (nil)
2022/02/08-15:31:46.268979 7f9003e6b200     Options.sst_file_manager.rate_bytes_per_sec: 0
2022/02/08-15:31:46.268989 7f9003e6b200                       Options.wal_recovery_mode: 2
2022/02/08-15:31:46.268990 7f9003e6b200                  Options.enable_thread_tracking: 0
2022/02/08-15:31:46.268991 7f9003e6b200                  Options.enable_pipelined_write: 0
2022/02/08-15:31:46.268992 7f9003e6b200                  Options.unordered_write: 0
2022/02/08-15:31:46.268992 7f9003e6b200         Options.allow_concurrent_memtable_write: 1
2022/02/08-15:31:46.268993 7f9003e6b200      Options.enable_write_thread_adaptive_yield: 1
2022/02/08-15:31:46.268994 7f9003e6b200             Options.write_thread_max_yield_usec: 100
2022/02/08-15:31:46.268995 7f9003e6b200            Options.write_thread_slow_yield_usec: 3
2022/02/08-15:31:46.268995 7f9003e6b200                               Options.row_cache: None
2022/02/08-15:31:46.268996 7f9003e6b200                              Options.wal_filter: None
2022/02/08-15:31:46.268997 7f9003e6b200             Options.avoid_flush_during_recovery: 0
2022/02/08-15:31:46.268997 7f9003e6b200             Options.allow_ingest_behind: 0
2022/02/08-15:31:46.268998 7f9003e6b200             Options.preserve_deletes: 0
2022/02/08-15:31:46.268999 7f9003e6b200             Options.two_write_queues: 0
2022/02/08-15:31:46.268999 7f9003e6b200             Options.manual_wal_flush: 0
2022/02/08-15:31:46.269000 7f9003e6b200             Options.atomic_flush: 0
2022/02/08-15:31:46.269001 7f9003e6b200             Options.avoid_unnecessary_blocking_io: 0
2022/02/08-15:31:46.269002 7f9003e6b200                 Options.persist_stats_to_disk: 0
2022/02/08-15:31:46.269002 7f9003e6b200                 Options.write_dbid_to_manifest: 0
2022/02/08-15:31:46.269003 7f9003e6b200                 Options.log_readahead_size: 0
2022/02/08-15:31:46.269004 7f9003e6b200                 Options.file_checksum_gen_factory: Unknown
2022/02/08-15:31:46.269005 7f9003e6b200                 Options.best_efforts_recovery: 0
2022/02/08-15:31:46.269005 7f9003e6b200                Options.max_bgerror_resume_count: 2147483647
2022/02/08-15:31:46.269006 7f9003e6b200            Options.bgerror_resume_retry_interval: 1000000
2022/02/08-15:31:46.269007 7f9003e6b200             Options.allow_data_in_errors: 0
2022/02/08-15:31:46.269008 7f9003e6b200             Options.db_host_id: __hostname__
2022/02/08-15:31:46.269008 7f9003e6b200             Options.max_background_jobs: 2
2022/02/08-15:31:46.269009 7f9003e6b200             Options.max_background_compactions: -1
2022/02/08-15:31:46.269010 7f9003e6b200             Options.max_subcompactions: 1
2022/02/08-15:31:46.269011 7f9003e6b200             Options.avoid_flush_during_shutdown: 0
2022/02/08-15:31:46.269011 7f9003e6b200           Options.writable_file_max_buffer_size: 1048576
2022/02/08-15:31:46.269012 7f9003e6b200             Options.delayed_write_rate : 16777216
2022/02/08-15:31:46.269013 7f9003e6b200             Options.max_total_wal_size: 0
2022/02/08-15:31:46.269013 7f9003e6b200             Options.delete_obsolete_files_period_micros: 21600000000
2022/02/08-15:31:46.269014 7f9003e6b200                   Options.stats_dump_period_sec: 600
2022/02/08-15:31:46.269015 7f9003e6b200                 Options.stats_persist_period_sec: 600
2022/02/08-15:31:46.269016 7f9003e6b200                 Options.stats_history_buffer_size: 1048576
2022/02/08-15:31:46.269016 7f9003e6b200                          Options.max_open_files: -1
2022/02/08-15:31:46.269017 7f9003e6b200                          Options.bytes_per_sync: 0
2022/02/08-15:31:46.269018 7f9003e6b200                      Options.wal_bytes_per_sync: 0
2022/02/08-15:31:46.269018 7f9003e6b200                   Options.strict_bytes_per_sync: 0
2022/02/08-15:31:46.269019 7f9003e6b200       Options.compaction_readahead_size: 0
2022/02/08-15:31:46.269020 7f9003e6b200                  Options.max_background_flushes: -1
2022/02/08-15:31:46.269021 7f9003e6b200 Compression algorithms supported:
2022/02/08-15:31:46.269022 7f9003e6b200 	kZSTDNotFinalCompression supported: 0
2022/02/08-15:31:46.269023 7f9003e6b200 	kZSTD supported: 0
2022/02/08-15:31:46.269024 7f9003e6b200 	kXpressCompression supported: 0
2022/02/08-15:31:46.269029 7f9003e6b200 	kLZ4HCCompression supported: 0
2022/02/08-15:31:46.269031 7f9003e6b200 	kLZ4Compression supported: 0
2022/02/08-15:31:46.269031 7f9003e6b200 	kBZip2Compression supported: 0
2022/02/08-15:31:46.269032 7f9003e6b200 	kZlibCompression supported: 0
2022/02/08-15:31:46.269033 7f9003e6b200 	kSnappyCompression supported: 1
2022/02/08-15:31:46.269035 7f9003e6b200 Fast CRC32 supported: Not supported on x86
2022/02/08-15:31:46.271819 7f9003e6b200 [db/db_impl/db_impl_open.cc:285] Creating manifest 1 
2022/02/08-15:31:46.273707 7f9003e6b200 [db/version_set.cc:4626] Recovering from manifest file: ../local_data/db/MANIFEST-000001
2022/02/08-15:31:46.273856 7f9003e6b200 [db/column_family.cc:596] --------------- Options for column family [default]:
2022/02/08-15:31:46.273859 7f9003e6b200               Options.comparator: leveldb.BytewiseComparator
2022/02/08-15:31:46.273860 7f9003e6b200           Options.merge_operator: None
2022/02/08-15:31:46.273860 7f9003e6b200        Options.compaction_filter: None
2022/02/08-15:31:46.273861 7f9003e6b200        Options.compaction_filter_factory: None
2022/02/08-15:31:46.273862 7f9003e6b200  Options.sst_partitioner_factory: None
2022/02/08-15:31:46.273863 7f9003e6b200         Options.memtable_factory: SkipListFactory
2022/02/08-15:31:46.273864 7f9003e6b200            Options.table_factory: BlockBasedTable
2022/02/08-15:31:46.273893 7f9003e6b200            table_factory options:   flush_block_policy_factory: FlushBlockBySizePolicyFactory (0x564673323d40)
  cache_index_and_filter_blocks: 0
  cache_index_and_filter_blocks_with_high_priority: 1
  pin_l0_filter_and_index_blocks_in_cache: 0
  pin_top_level_index_and_filter: 1
  index_type: 0
  data_block_index_type: 0
  index_shortening: 1
  data_block_hash_table_util_ratio: 0.750000
  hash_index_allow_collision: 1
  checksum: 1
  no_block_cache: 0
  block_cache: 0x5646733234d0
  block_cache_name: LRUCache
  block_cache_options:
    capacity : 8388608
    num_shard_bits : 4
    strict_capacity_limit : 0
    memory_allocator : None
    high_pri_pool_ratio: 0.000
  block_cache_compressed: (nil)
  persistent_cache: (nil)
  block_size: 4096
  block_size_deviation: 10
  block_restart_interval: 16
  index_block_restart_interval: 1
  metadata_block_size: 4096
  partition_filters: 0
  use_delta_encoding: 1
  filter_policy: nullptr
  whole_key_filtering: 1
  verify_compression: 0
  read_amp_bytes_per_bit: 0
  format_version: 5
  enable_index_compression: 1
  block_align: 0
2022/02/08-15:31:46.273896 7f9003e6b200        Options.write_buffer_size: 67108864
2022/02/08-15:31:46.273897 7f9003e6b200  Options.max_write_buffer_number: 2
2022/02/08-15:31:46.273898 7f9003e6b200          Options.compression: NoCompression
2022/02/08-15:31:46.273899 7f9003e6b200                  Options.bottommost_compression: Disabled
2022/02/08-15:31:46.273900 7f9003e6b200       Options.prefix_extractor: nullptr
2022/02/08-15:31:46.273901 7f9003e6b200   Options.memtable_insert_with_hint_prefix_extractor: nullptr
2022/02/08-15:31:46.273902 7f9003e6b200             Options.num_levels: 7
2022/02/08-15:31:46.273902 7f9003e6b200        Options.min_write_buffer_number_to_merge: 1
2022/02/08-15:31:46.273903 7f9003e6b200     Options.max_write_buffer_number_to_maintain: 0
2022/02/08-15:31:46.273904 7f9003e6b200     Options.max_write_buffer_size_to_maintain: 0
2022/02/08-15:31:46.273905 7f9003e6b200            Options.bottommost_compression_opts.window_bits: -14
2022/02/08-15:31:46.273905 7f9003e6b200                  Options.bottommost_compression_opts.level: 32767
2022/02/08-15:31:46.273906 7f9003e6b200               Options.bottommost_compression_opts.strategy: 0
2022/02/08-15:31:46.273907 7f9003e6b200         Options.bottommost_compression_opts.max_dict_bytes: 0
2022/02/08-15:31:46.273908 7f9003e6b200         Options.bottommost_compression_opts.zstd_max_train_bytes: 0
2022/02/08-15:31:46.273908 7f9003e6b200         Options.bottommost_compression_opts.parallel_threads: 1
2022/02/08-15:31:46.273909 7f9003e6b200                  Options.bottommost_compression_opts.enabled: false
2022/02/08-15:31:46.273922 7f9003e6b200         Options.bottommost_compression_opts.max_dict_buffer_bytes: 0
2022/02/08-15:31:46.273924 7f9003e6b200            Options.compression_opts.window_bits: -14
2022/02/08-15:31:46.273924 7f9003e6b200                  Options.compression_opts.level: 32767
2022/02/08-15:31:46.273925 7f9003e6b200               Options.compression_opts.strategy: 0
2022/02/08-15:31:46.273926 7f9003e6b200         Options.compression_opts.max_dict_bytes: 0
2022/02/08-15:31:46.273927 7f9003e6b200         Options.compression_opts.zstd_max_train_bytes: 0
2022/02/08-15:31:46.273927 7f9003e6b200         Options.compression_opts.parallel_threads: 1
2022/02/08-15:31:46.273928 7f9003e6b200                  Options.compression_opts.enabled: false
2022/02/08-15:31:46.273929 7f9003e6b200         Options.compression_opts.max_dict_buffer_bytes: 0
2022/02/08-15:31:46.273929 7f9003e6b200      Options.level0_file_num_compaction_trigger: 4
2022/02/08-15:31:46.273930 7f9003e6b200          Options.level0_slowdown_writes_trigger: 20
2022/02/08-15:31:46.273931 7f9003e6b200              Options.level0_stop_writes_trigger: 36
2022/02/08-15:31:46.273932 7f9003e6b200                   Options.target_file_size_base: 67108864
2022/02/08-15:31:46.273932 7f9003e6b200             Options.target_file_size_multiplier: 1
2022/02/08-15:31:46.273933 7f9003e6b200                Options.max_bytes_for_level_base: 268435456
2022/02/08-15:31:46.273934 7f9003e6b200 Options.level_compaction_dynamic_level_bytes: 0
2022/02/08-15:31:46.273935 7f9003e6b200          Options.max_bytes_for_level_multiplier: 10.000000
2022/02/08-15:31:46.273937 7f9003e6b200 Options.max_bytes_for_level_multiplier_addtl[0]: 1
2022/02/08-15:31:46.273937 7f9003e6b200 Options.max_bytes_for_level_multiplier_addtl[1]: 1
2022/02/08-15:31:46.273938 7f9003e6b200 Options.max_bytes_for_level_multiplier_addtl[2]: 1
2022/02/08-15:31:46.273939 7f9003e6b200 Options.max_bytes_for_level_multiplier_addtl[3]: 1
2022/02/08-15:31:46.273940 7f9003e6b200 Options.max_bytes_for_level_multiplier_addtl[4]: 1
2022/02/08-15:31:46.273940 7f9003e6b200 Options.max_bytes_for_level_multiplier_addtl[5]: 1
2022/02/08-15:31:46.273941 7f9003e6b200 Options.max_bytes_for_level_multiplier_addtl[6]: 1
2022/02/08-15:31:46.273942 7f9003e6b200       Options.max_sequential_skip_in_iterations: 8
2022/02/08-15:31:46.273943 7f9003e6b200                    Options.max_compaction_bytes: 1677721600
2022/02/08-15:31:46.273943 7f9003e6b200                        Options.arena_block_size: 8388608
2022/02/08-15:31:46.273944 7f9003e6b200   Options.soft_pending_compaction_bytes_limit: 68719476736
2022/02/08-15:31:46.273945 7f9003e6b200   Options.hard_pending_compaction_bytes_limit: 274877906944
2022/02/08-15:31:46.273946 7f9003e6b200       Options.rate_limit_delay_max_milliseconds: 100
2022/02/08-15:31:46.273947 7f9003e6b200                Options.disable_auto_compactions: 0
2022/02/08-15:31:46.273948 7f9003e6b200                        Options.compaction_style: kCompactionStyleLevel
2022/02/08-15:31:46.273949 7f9003e6b200                          Options.compaction_pri: kMinOverlappingRatio
2022/02/08-15:31:46.273950 7f9003e6b200 Options.compaction_options_universal.size_ratio: 1
2022/02/08-15:31:46.273951 7f9003e6b200 Options.compaction_options_universal.min_merge_width: 2
2022/02/08-15:31:46.273952 7f9003e6b200 Options.compaction_options_universal.max_merge_width: 4294967295
2022/02/08-15:31:46.273952 7f9003e6b200 Options.compaction_options_universal.max_size_amplification_percent: 200
2022/02/08-15:31:46.273953 7f9003e6b200 Options.compaction_options_universal.compression_size_percent: -1
2022/02/08-15:31:46.273954 7f9003e6b200 Options.compaction_options_universal.stop_style: kCompactionStopStyleTotalSize
2022/02/08-15:31:46.273955 7f9003e6b200 Options.compaction_options_fifo.max_table_files_size: 1073741824
2022/02/08-15:31:46.273956 7f9003e6b200 Options.compaction_options_fifo.allow_compaction: 0
2022/02/08-15:31:46.273958 7f9003e6b200                   Options.table_properties_collectors: 
2022/02/08-15:31:46.273965 7f9003e6b200                   Options.inplace_update_support: 0
2022/02/08-15:31:46.273966 7f9003e6b200                 Options.inplace_update_num_locks: 10000
2022/02/08-15:31:46.273967 7f9003e6b200               Options.memtable_prefix_bloom_size_ratio: 0.000000
2022/02/08-15:31:46.273968 7f9003e6b200               Options.memtable_whole_key_filtering: 0
2022/02/08-15:31:46.273969 7f9003e6b200   Options.memtable_huge_page_size: 0
2022/02/08-15:31:46.273969 7f9003e6b200                           Options.bloom_locality: 0
2022/02/08-15:31:46.273970 7f9003e6b200                    Options.max_successive_merges: 0
2022/02/08-15:31:46.273971 7f9003e6b200                Options.optimize_filters_for_hits: 0
2022/02/08-15:31:46.273972 7f9003e6b200                Options.paranoid_file_checks: 0
2022/02/08-15:31:46.273972 7f9003e6b200                Options.force_consistency_checks: 1
2022/02/08-15:31:46.273973 7f9003e6b200                Options.report_bg_io_stats: 0
2022/02/08-15:31:46.273974 7f9003e6b200                               Options.ttl: 2592000
2022/02/08-15:31:46.273975 7f9003e6b200          Options.periodic_compaction_seconds: 0
2022/02/08-15:31:46.273975 7f9003e6b200                    Options.enable_blob_files: false
2022/02/08-15:31:46.273976 7f9003e6b200                        Options.min_blob_size: 0
2022/02/08-15:31:46.273977 7f9003e6b200                       Options.blob_file_size: 268435456
2022/02/08-15:31:46.273978 7f9003e6b200                Options.blob_compression_type: NoCompression
2022/02/08-15:31:46.273979 7f9003e6b200       Options.enable_blob_garbage_collection: false
2022/02/08-15:31:46.273979 7f9003e6b200   Options.blob_garbage_collection_age_cutoff: 0.250000
2022/02/08-15:31:46.274492 7f9003e6b200 [db/version_set.cc:4666] Recovered from manifest file:../local_data/db/MANIFEST-000001 succeeded,manifest_file_number is 1, next_file_number is 3, last_sequence is 0, log_number is 0,prev_log_number is 0,max_column_family is 0,min_log_number_to_keep is 0
2022/02/08-15:31:46.274496 7f9003e6b200 [db/version_set.cc:4681] Column family [default] (ID 0), log number is 0
2022/02/08-15:31:46.274576 7f9003e6b200 [db/version_set.cc:4118] Creating manifest 4
2022/02/08-15:31:46.279323 7f9003e6b200 [db/db_impl/db_impl_open.cc:1756] SstFileManager instance 0x564673325940
2022/02/08-15:31:46.279344 7f9003e6b200 DB pointer 0x564673327a30
2022/02/08-15:31:46.279582 7f8fef7f6700 [db/db_impl/db_impl.cc:931] ------- DUMPING STATS -------
2022/02/08-15:31:46.279601 7f8fef7f6700 [db/db_impl/db_impl.cc:933] 
** DB Stats **
Uptime(secs): 0.0 total, 0.0 interval
Cumulative writes: 0 writes, 0 keys, 0 commit groups, 0.0 writes per commit group, ingest: 0.00 GB, 0.00 MB/s
Cumulative WAL: 0 writes, 0 syncs, 0.00 writes per sync, written: 0.00 GB, 0.00 MB/s
Cumulative stall: 00:00:0.000 H:M:S, 0.0 percent
Interval writes: 0 writes, 0 keys, 0 commit groups, 0.0 writes per commit group, ingest: 0.00 MB, 0.00 MB/s
Interval WAL: 0 writes, 0 syncs, 0.00 writes per sync, written: 0.00 MB, 0.00 MB/s
Interval stall: 00:00:0.000 H:M:S, 0.0 percent

** Compaction Stats [default] **
Level    Files   Size     Score Read(GB)  Rn(GB) Rnp1(GB) Write(GB) Wnew(GB) Moved(GB) W-Amp Rd(MB/s) Wr(MB/s) Comp(sec) CompMergeCPU(sec) Comp(cnt) Avg(sec) KeyIn KeyDrop Rblob(GB) Wblob(GB)
------------------------------------------------------------------------------------------------------------------------------------------------------------------------------------------------
 Sum      0/0    0.00 KB   0.0      0.0     0.0      0.0       0.0      0.0       0.0   0.0      0.0      0.0      0.00              0.00         0    0.000       0      0       0.0       0.0
 Int      0/0    0.00 KB   0.0      0.0     0.0      0.0       0.0      0.0       0.0   0.0      0.0      0.0      0.00              0.00         0    0.000       0      0       0.0       0.0

** Compaction Stats [default] **
Priority    Files   Size     Score Read(GB)  Rn(GB) Rnp1(GB) Write(GB) Wnew(GB) Moved(GB) W-Amp Rd(MB/s) Wr(MB/s) Comp(sec) CompMergeCPU(sec) Comp(cnt) Avg(sec) KeyIn KeyDrop Rblob(GB) Wblob(GB)
---------------------------------------------------------------------------------------------------------------------------------------------------------------------------------------------------

Blob file count: 0, total size: 0.0 GB

Uptime(secs): 0.0 total, 0.0 interval
Flush(GB): cumulative 0.000, interval 0.000
AddFile(GB): cumulative 0.000, interval 0.000
AddFile(Total Files): cumulative 0, interval 0
AddFile(L0 Files): cumulative 0, interval 0
AddFile(Keys): cumulative 0, interval 0
Cumulative compaction: 0.00 GB write, 0.00 MB/s write, 0.00 GB read, 0.00 MB/s read, 0.0 seconds
Interval compaction: 0.00 GB write, 0.00 MB/s write, 0.00 GB read, 0.00 MB/s read, 0.0 seconds
Stalls(count): 0 level0_slowdown, 0 level0_slowdown_with_compaction, 0 level0_numfiles, 0 level0_numfiles_with_compaction, 0 stop for pending_compaction_bytes, 0 slowdown for pending_compaction_bytes, 0 memtable_compaction, 0 memtable_slowdown, interval 0 total count

** File Read Latency Histogram By Level [default] **

** Compaction Stats [default] **
Level    Files   Size     Score Read(GB)  Rn(GB) Rnp1(GB) Write(GB) Wnew(GB) Moved(GB) W-Amp Rd(MB/s) Wr(MB/s) Comp(sec) CompMergeCPU(sec) Comp(cnt) Avg(sec) KeyIn KeyDrop Rblob(GB) Wblob(GB)
------------------------------------------------------------------------------------------------------------------------------------------------------------------------------------------------
 Sum      0/0    0.00 KB   0.0      0.0     0.0      0.0       0.0      0.0       0.0   0.0      0.0      0.0      0.00              0.00         0    0.000       0      0       0.0       0.0
 Int      0/0    0.00 KB   0.0      0.0     0.0      0.0       0.0      0.0       0.0   0.0      0.0      0.0      0.00              0.00         0    0.000       0      0       0.0       0.0

** Compaction Stats [default] **
Priority    Files   Size     Score Read(GB)  Rn(GB) Rnp1(GB) Write(GB) Wnew(GB) Moved(GB) W-Amp Rd(MB/s) Wr(MB/s) Comp(sec) CompMergeCPU(sec) Comp(cnt) Avg(sec) KeyIn KeyDrop Rblob(GB) Wblob(GB)
---------------------------------------------------------------------------------------------------------------------------------------------------------------------------------------------------

Blob file count: 0, total size: 0.0 GB

Uptime(secs): 0.0 total, 0.0 interval
Flush(GB): cumulative 0.000, interval 0.000
AddFile(GB): cumulative 0.000, interval 0.000
AddFile(Total Files): cumulative 0, interval 0
AddFile(L0 Files): cumulative 0, interval 0
AddFile(Keys): cumulative 0, interval 0
Cumulative compaction: 0.00 GB write, 0.00 MB/s write, 0.00 GB read, 0.00 MB/s read, 0.0 seconds
Interval compaction: 0.00 GB write, 0.00 MB/s write, 0.00 GB read, 0.00 MB/s read, 0.0 seconds
Stalls(count): 0 level0_slowdown, 0 level0_slowdown_with_compaction, 0 level0_numfiles, 0 level0_numfiles_with_compaction, 0 stop for pending_compaction_bytes, 0 slowdown for pending_compaction_bytes, 0 memtable_compaction, 0 memtable_slowdown, interval 0 total count

** File Read Latency Histogram By Level [default] **
2022/02/08-15:31:46.280484 7f9003e6b200 [db/column_family.cc:596] --------------- Options for column family [__DB_METADATA__]:
2022/02/08-15:31:46.280488 7f9003e6b200               Options.comparator: leveldb.BytewiseComparator
2022/02/08-15:31:46.280489 7f9003e6b200           Options.merge_operator: None
2022/02/08-15:31:46.280490 7f9003e6b200        Options.compaction_filter: None
2022/02/08-15:31:46.280491 7f9003e6b200        Options.compaction_filter_factory: None
2022/02/08-15:31:46.280491 7f9003e6b200  Options.sst_partitioner_factory: None
2022/02/08-15:31:46.280492 7f9003e6b200         Options.memtable_factory: SkipListFactory
2022/02/08-15:31:46.280493 7f9003e6b200            Options.table_factory: BlockBasedTable
2022/02/08-15:31:46.280512 7f9003e6b200            table_factory options:   flush_block_policy_factory: FlushBlockBySizePolicyFactory (0x5646733482b0)
  cache_index_and_filter_blocks: 0
  cache_index_and_filter_blocks_with_high_priority: 1
  pin_l0_filter_and_index_blocks_in_cache: 0
  pin_top_level_index_and_filter: 1
  index_type: 0
  data_block_index_type: 0
  index_shortening: 1
  data_block_hash_table_util_ratio: 0.750000
  hash_index_allow_collision: 1
  checksum: 1
  no_block_cache: 0
  block_cache: 0x564673337960
  block_cache_name: LRUCache
  block_cache_options:
    capacity : 8388608
    num_shard_bits : 4
    strict_capacity_limit : 0
    memory_allocator : None
    high_pri_pool_ratio: 0.000
  block_cache_compressed: (nil)
  persistent_cache: (nil)
  block_size: 4096
  block_size_deviation: 10
  block_restart_interval: 16
  index_block_restart_interval: 1
  metadata_block_size: 4096
  partition_filters: 0
  use_delta_encoding: 1
  filter_policy: nullptr
  whole_key_filtering: 1
  verify_compression: 0
  read_amp_bytes_per_bit: 0
  format_version: 5
  enable_index_compression: 1
  block_align: 0
2022/02/08-15:31:46.280513 7f9003e6b200        Options.write_buffer_size: 67108864
2022/02/08-15:31:46.280514 7f9003e6b200  Options.max_write_buffer_number: 2
2022/02/08-15:31:46.280515 7f9003e6b200          Options.compression: NoCompression
2022/02/08-15:31:46.280516 7f9003e6b200                  Options.bottommost_compression: Disabled
2022/02/08-15:31:46.280516 7f9003e6b200       Options.prefix_extractor: nullptr
2022/02/08-15:31:46.280517 7f9003e6b200   Options.memtable_insert_with_hint_prefix_extractor: nullptr
2022/02/08-15:31:46.280518 7f9003e6b200             Options.num_levels: 7
2022/02/08-15:31:46.280519 7f9003e6b200        Options.min_write_buffer_number_to_merge: 1
2022/02/08-15:31:46.280519 7f9003e6b200     Options.max_write_buffer_number_to_maintain: 0
2022/02/08-15:31:46.280520 7f9003e6b200     Options.max_write_buffer_size_to_maintain: 0
2022/02/08-15:31:46.280521 7f9003e6b200            Options.bottommost_compression_opts.window_bits: -14
2022/02/08-15:31:46.280521 7f9003e6b200                  Options.bottommost_compression_opts.level: 32767
2022/02/08-15:31:46.280522 7f9003e6b200               Options.bottommost_compression_opts.strategy: 0
2022/02/08-15:31:46.280523 7f9003e6b200         Options.bottommost_compression_opts.max_dict_bytes: 0
2022/02/08-15:31:46.280524 7f9003e6b200         Options.bottommost_compression_opts.zstd_max_train_bytes: 0
2022/02/08-15:31:46.280524 7f9003e6b200         Options.bottommost_compression_opts.parallel_threads: 1
2022/02/08-15:31:46.280525 7f9003e6b200                  Options.bottommost_compression_opts.enabled: false
2022/02/08-15:31:46.280526 7f9003e6b200         Options.bottommost_compression_opts.max_dict_buffer_bytes: 0
2022/02/08-15:31:46.280526 7f9003e6b200            Options.compression_opts.window_bits: -14
2022/02/08-15:31:46.280527 7f9003e6b200                  Options.compression_opts.level: 32767
2022/02/08-15:31:46.280528 7f9003e6b200               Options.compression_opts.strategy: 0
2022/02/08-15:31:46.280529 7f9003e6b200         Options.compression_opts.max_dict_bytes: 0
2022/02/08-15:31:46.280529 7f9003e6b200         Options.compression_opts.zstd_max_train_bytes: 0
2022/02/08-15:31:46.280530 7f9003e6b200         Options.compression_opts.parallel_threads: 1
2022/02/08-15:31:46.280541 7f9003e6b200                  Options.compression_opts.enabled: false
2022/02/08-15:31:46.280542 7f9003e6b200         Options.compression_opts.max_dict_buffer_bytes: 0
2022/02/08-15:31:46.280542 7f9003e6b200      Options.level0_file_num_compaction_trigger: 4
2022/02/08-15:31:46.280543 7f9003e6b200          Options.level0_slowdown_writes_trigger: 20
2022/02/08-15:31:46.280544 7f9003e6b200              Options.level0_stop_writes_trigger: 36
2022/02/08-15:31:46.280544 7f9003e6b200                   Options.target_file_size_base: 67108864
2022/02/08-15:31:46.280545 7f9003e6b200             Options.target_file_size_multiplier: 1
2022/02/08-15:31:46.280546 7f9003e6b200                Options.max_bytes_for_level_base: 268435456
2022/02/08-15:31:46.280547 7f9003e6b200 Options.level_compaction_dynamic_level_bytes: 0
2022/02/08-15:31:46.280547 7f9003e6b200          Options.max_bytes_for_level_multiplier: 10.000000
2022/02/08-15:31:46.280549 7f9003e6b200 Options.max_bytes_for_level_multiplier_addtl[0]: 1
2022/02/08-15:31:46.280550 7f9003e6b200 Options.max_bytes_for_level_multiplier_addtl[1]: 1
2022/02/08-15:31:46.280551 7f9003e6b200 Options.max_bytes_for_level_multiplier_addtl[2]: 1
2022/02/08-15:31:46.280551 7f9003e6b200 Options.max_bytes_for_level_multiplier_addtl[3]: 1
2022/02/08-15:31:46.280552 7f9003e6b200 Options.max_bytes_for_level_multiplier_addtl[4]: 1
2022/02/08-15:31:46.280553 7f9003e6b200 Options.max_bytes_for_level_multiplier_addtl[5]: 1
2022/02/08-15:31:46.280553 7f9003e6b200 Options.max_bytes_for_level_multiplier_addtl[6]: 1
2022/02/08-15:31:46.280554 7f9003e6b200       Options.max_sequential_skip_in_iterations: 8
2022/02/08-15:31:46.280555 7f9003e6b200                    Options.max_compaction_bytes: 1677721600
2022/02/08-15:31:46.280556 7f9003e6b200                        Options.arena_block_size: 8388608
2022/02/08-15:31:46.280556 7f9003e6b200   Options.soft_pending_compaction_bytes_limit: 68719476736
2022/02/08-15:31:46.280557 7f9003e6b200   Options.hard_pending_compaction_bytes_limit: 274877906944
2022/02/08-15:31:46.280558 7f9003e6b200       Options.rate_limit_delay_max_milliseconds: 100
2022/02/08-15:31:46.280559 7f9003e6b200                Options.disable_auto_compactions: 0
2022/02/08-15:31:46.280560 7f9003e6b200                        Options.compaction_style: kCompactionStyleLevel
2022/02/08-15:31:46.280561 7f9003e6b200                          Options.compaction_pri: kMinOverlappingRatio
2022/02/08-15:31:46.280562 7f9003e6b200 Options.compaction_options_universal.size_ratio: 1
2022/02/08-15:31:46.280563 7f9003e6b200 Options.compaction_options_universal.min_merge_width: 2
2022/02/08-15:31:46.280564 7f9003e6b200 Options.compaction_options_universal.max_merge_width: 4294967295
2022/02/08-15:31:46.280564 7f9003e6b200 Options.compaction_options_universal.max_size_amplification_percent: 200
2022/02/08-15:31:46.280565 7f9003e6b200 Options.compaction_options_universal.compression_size_percent: -1
2022/02/08-15:31:46.280566 7f9003e6b200 Options.compaction_options_universal.stop_style: kCompactionStopStyleTotalSize
2022/02/08-15:31:46.280567 7f9003e6b200 Options.compaction_options_fifo.max_table_files_size: 1073741824
2022/02/08-15:31:46.280568 7f9003e6b200 Options.compaction_options_fifo.allow_compaction: 0
2022/02/08-15:31:46.280570 7f9003e6b200                   Options.table_properties_collectors: 
2022/02/08-15:31:46.280571 7f9003e6b200                   Options.inplace_update_support: 0
2022/02/08-15:31:46.280572 7f9003e6b200                 Options.inplace_update_num_locks: 10000
2022/02/08-15:31:46.280573 7f9003e6b200               Options.memtable_prefix_bloom_size_ratio: 0.000000
2022/02/08-15:31:46.280574 7f9003e6b200               Options.memtable_whole_key_filtering: 0
2022/02/08-15:31:46.280575 7f9003e6b200   Options.memtable_huge_page_size: 0
2022/02/08-15:31:46.280575 7f9003e6b200                           Options.bloom_locality: 0
2022/02/08-15:31:46.280576 7f9003e6b200                    Options.max_successive_merges: 0
2022/02/08-15:31:46.280577 7f9003e6b200                Options.optimize_filters_for_hits: 0
2022/02/08-15:31:46.280583 7f9003e6b200                Options.paranoid_file_checks: 0
2022/02/08-15:31:46.280584 7f9003e6b200                Options.force_consistency_checks: 1
2022/02/08-15:31:46.280584 7f9003e6b200                Options.report_bg_io_stats: 0
2022/02/08-15:31:46.280585 7f9003e6b200                               Options.ttl: 2592000
2022/02/08-15:31:46.280586 7f9003e6b200          Options.periodic_compaction_seconds: 0
2022/02/08-15:31:46.280587 7f9003e6b200                    Options.enable_blob_files: false
2022/02/08-15:31:46.280587 7f9003e6b200                        Options.min_blob_size: 0
2022/02/08-15:31:46.280588 7f9003e6b200                       Options.blob_file_size: 268435456
2022/02/08-15:31:46.280589 7f9003e6b200                Options.blob_compression_type: NoCompression
2022/02/08-15:31:46.280590 7f9003e6b200       Options.enable_blob_garbage_collection: false
2022/02/08-15:31:46.280591 7f9003e6b200   Options.blob_garbage_collection_age_cutoff: 0.250000
2022/02/08-15:31:46.280636 7f9003e6b200 [db/db_impl/db_impl.cc:2660] Created column family [__DB_METADATA__] (ID 1)
2022/02/08-15:31:46.283969 7f9003e6b200 [db/column_family.cc:596] --------------- Options for column family [__STATE_AGGREGATOR__]:
2022/02/08-15:31:46.283972 7f9003e6b200               Options.comparator: leveldb.BytewiseComparator
2022/02/08-15:31:46.283974 7f9003e6b200           Options.merge_operator: None
2022/02/08-15:31:46.283974 7f9003e6b200        Options.compaction_filter: None
2022/02/08-15:31:46.283975 7f9003e6b200        Options.compaction_filter_factory: None
2022/02/08-15:31:46.283976 7f9003e6b200  Options.sst_partitioner_factory: None
2022/02/08-15:31:46.283977 7f9003e6b200         Options.memtable_factory: SkipListFactory
2022/02/08-15:31:46.283977 7f9003e6b200            Options.table_factory: BlockBasedTable
2022/02/08-15:31:46.283995 7f9003e6b200            table_factory options:   flush_block_policy_factory: FlushBlockBySizePolicyFactory (0x564673375f10)
  cache_index_and_filter_blocks: 0
  cache_index_and_filter_blocks_with_high_priority: 1
  pin_l0_filter_and_index_blocks_in_cache: 0
  pin_top_level_index_and_filter: 1
  index_type: 0
  data_block_index_type: 0
  index_shortening: 1
  data_block_hash_table_util_ratio: 0.750000
  hash_index_allow_collision: 1
  checksum: 1
  no_block_cache: 0
  block_cache: 0x564673382f90
  block_cache_name: LRUCache
  block_cache_options:
    capacity : 8388608
    num_shard_bits : 4
    strict_capacity_limit : 0
    memory_allocator : None
    high_pri_pool_ratio: 0.000
  block_cache_compressed: (nil)
  persistent_cache: (nil)
  block_size: 4096
  block_size_deviation: 10
  block_restart_interval: 16
  index_block_restart_interval: 1
  metadata_block_size: 4096
  partition_filters: 0
  use_delta_encoding: 1
  filter_policy: nullptr
  whole_key_filtering: 1
  verify_compression: 0
  read_amp_bytes_per_bit: 0
  format_version: 5
  enable_index_compression: 1
  block_align: 0
2022/02/08-15:31:46.283997 7f9003e6b200        Options.write_buffer_size: 67108864
2022/02/08-15:31:46.283998 7f9003e6b200  Options.max_write_buffer_number: 2
2022/02/08-15:31:46.283999 7f9003e6b200          Options.compression: NoCompression
2022/02/08-15:31:46.283999 7f9003e6b200                  Options.bottommost_compression: Disabled
2022/02/08-15:31:46.284000 7f9003e6b200       Options.prefix_extractor: nullptr
2022/02/08-15:31:46.284001 7f9003e6b200   Options.memtable_insert_with_hint_prefix_extractor: nullptr
2022/02/08-15:31:46.284002 7f9003e6b200             Options.num_levels: 7
2022/02/08-15:31:46.284002 7f9003e6b200        Options.min_write_buffer_number_to_merge: 1
2022/02/08-15:31:46.284003 7f9003e6b200     Options.max_write_buffer_number_to_maintain: 0
2022/02/08-15:31:46.284004 7f9003e6b200     Options.max_write_buffer_size_to_maintain: 0
2022/02/08-15:31:46.284004 7f9003e6b200            Options.bottommost_compression_opts.window_bits: -14
2022/02/08-15:31:46.284005 7f9003e6b200                  Options.bottommost_compression_opts.level: 32767
2022/02/08-15:31:46.284006 7f9003e6b200               Options.bottommost_compression_opts.strategy: 0
2022/02/08-15:31:46.284007 7f9003e6b200         Options.bottommost_compression_opts.max_dict_bytes: 0
2022/02/08-15:31:46.284007 7f9003e6b200         Options.bottommost_compression_opts.zstd_max_train_bytes: 0
2022/02/08-15:31:46.284008 7f9003e6b200         Options.bottommost_compression_opts.parallel_threads: 1
2022/02/08-15:31:46.284009 7f9003e6b200                  Options.bottommost_compression_opts.enabled: false
2022/02/08-15:31:46.284009 7f9003e6b200         Options.bottommost_compression_opts.max_dict_buffer_bytes: 0
2022/02/08-15:31:46.284010 7f9003e6b200            Options.compression_opts.window_bits: -14
2022/02/08-15:31:46.284011 7f9003e6b200                  Options.compression_opts.level: 32767
2022/02/08-15:31:46.284012 7f9003e6b200               Options.compression_opts.strategy: 0
2022/02/08-15:31:46.284012 7f9003e6b200         Options.compression_opts.max_dict_bytes: 0
2022/02/08-15:31:46.284013 7f9003e6b200         Options.compression_opts.zstd_max_train_bytes: 0
2022/02/08-15:31:46.284014 7f9003e6b200         Options.compression_opts.parallel_threads: 1
2022/02/08-15:31:46.284023 7f9003e6b200                  Options.compression_opts.enabled: false
2022/02/08-15:31:46.284024 7f9003e6b200         Options.compression_opts.max_dict_buffer_bytes: 0
2022/02/08-15:31:46.284025 7f9003e6b200      Options.level0_file_num_compaction_trigger: 4
2022/02/08-15:31:46.284025 7f9003e6b200          Options.level0_slowdown_writes_trigger: 20
2022/02/08-15:31:46.284026 7f9003e6b200              Options.level0_stop_writes_trigger: 36
2022/02/08-15:31:46.284027 7f9003e6b200                   Options.target_file_size_base: 67108864
2022/02/08-15:31:46.284028 7f9003e6b200             Options.target_file_size_multiplier: 1
2022/02/08-15:31:46.284028 7f9003e6b200                Options.max_bytes_for_level_base: 268435456
2022/02/08-15:31:46.284029 7f9003e6b200 Options.level_compaction_dynamic_level_bytes: 0
2022/02/08-15:31:46.284030 7f9003e6b200          Options.max_bytes_for_level_multiplier: 10.000000
2022/02/08-15:31:46.284031 7f9003e6b200 Options.max_bytes_for_level_multiplier_addtl[0]: 1
2022/02/08-15:31:46.284032 7f9003e6b200 Options.max_bytes_for_level_multiplier_addtl[1]: 1
2022/02/08-15:31:46.284033 7f9003e6b200 Options.max_bytes_for_level_multiplier_addtl[2]: 1
2022/02/08-15:31:46.284034 7f9003e6b200 Options.max_bytes_for_level_multiplier_addtl[3]: 1
2022/02/08-15:31:46.284034 7f9003e6b200 Options.max_bytes_for_level_multiplier_addtl[4]: 1
2022/02/08-15:31:46.284035 7f9003e6b200 Options.max_bytes_for_level_multiplier_addtl[5]: 1
2022/02/08-15:31:46.284036 7f9003e6b200 Options.max_bytes_for_level_multiplier_addtl[6]: 1
2022/02/08-15:31:46.284036 7f9003e6b200       Options.max_sequential_skip_in_iterations: 8
2022/02/08-15:31:46.284037 7f9003e6b200                    Options.max_compaction_bytes: 1677721600
2022/02/08-15:31:46.284038 7f9003e6b200                        Options.arena_block_size: 8388608
2022/02/08-15:31:46.284038 7f9003e6b200   Options.soft_pending_compaction_bytes_limit: 68719476736
2022/02/08-15:31:46.284039 7f9003e6b200   Options.hard_pending_compaction_bytes_limit: 274877906944
2022/02/08-15:31:46.284040 7f9003e6b200       Options.rate_limit_delay_max_milliseconds: 100
2022/02/08-15:31:46.284041 7f9003e6b200                Options.disable_auto_compactions: 0
2022/02/08-15:31:46.284042 7f9003e6b200                        Options.compaction_style: kCompactionStyleLevel
2022/02/08-15:31:46.284043 7f9003e6b200                          Options.compaction_pri: kMinOverlappingRatio
2022/02/08-15:31:46.284044 7f9003e6b200 Options.compaction_options_universal.size_ratio: 1
2022/02/08-15:31:46.284045 7f9003e6b200 Options.compaction_options_universal.min_merge_width: 2
2022/02/08-15:31:46.284045 7f9003e6b200 Options.compaction_options_universal.max_merge_width: 4294967295
